Vuosi	Tammi	Helmi	Maalis	Huhti	Touko	Kesä	Heinä	Elo	Syys	Loka	Marras	Joulu
1844							51.0	31.0	56.0	87.0	31.0	12.0
1845	10.0	31.0	15.0	25.0	9.0	33.0	30.0	61.0	82.0	98.0	43.0	64.0
1846	46.0	26.0	55.0	73.0	19.0	9.0	27.0	50.0	37.0	38.0	28.0	43.0
1847	15.0	28.0	21.0	20.0	25.0	48.0	30.0	17.0	69.0	34.0	47.0	63.0
1848	19.0	42.0	14.0	85.0	42.0	20.0	39.0	72.0	64.0	111.0	151.0	36.0
1849	57.0	24.0	22.0	38.0	7.0	73.0	81.0	90.0	42.0	94.0	49.0	25.0
1850	17.0	46.0	29.0	6.0	87.0	78.0	25.0	80.0	18.0	100.0	84.0	21.0
1851	34.0	24.0	10.0	34.0	37.0	51.0	45.0	71.0	21.0	74.0	89.0	43.0
1852	72.0	41.0	24.0	21.0	20.0	44.0	6.0	50.0	89.0	89.0	80.0	68.0
1853	40.0	30.0	22.0	45.0	34.0	4.0	16.0	79.0	76.0	63.0	25.0	11.0
1854	23.0	53.0	24.0	27.0	41.0	21.0	33.0	44.0	85.0	81.0	59.0	74.0
1855	28.0	12.0	37.0	16.0	48.0	4.0	2.0	65.0	30.0	85.0	25.0	22.0
1856	59.0	31.0	17.0	35.0	65.0	43.0	40.0	83.0	72.0	37.0	42.0	61.0
1857	24.0	10.0	25.0	41.0	21.0	35.0	66.0	13.0	32.0	55.0	23.0	36.0
1858	23.0	9.0	61.0	71.0	24.0	11.0	40.0	39.0	38.0	77.0	56.0	16.0
1859	38.0	49.0	90.0	99.0	7.0	55.0	77.0	34.0	100.0	56.0	48.0	72.0
1860	61.0	34.0	28.0	39.0	37.0	65.0	102.0	107.0	32.0	104.0	77.0	25.0
1861	22.0	41.0	42.0	31.0	42.0	22.0	37.0	59.0	45.0	7.0	80.0	26.0
1862	22.0	11.0	23.0	36.0	32.0	103.0	122.0	69.0	7.0	72.0	10.0	42.0
1863	51.0	30.0	10.0	30.0	32.0	29.0	66.0	44.0	77.0	50.0	82.0	57.0
1864	19.0	38.0	54.0	15.0	38.0	60.0	35.0	140.0	45.0	42.0	64.0	13.0
1865	42.0	23.0	15.0	10.0	39.0	17.0	53.0	30.0	39.0	63.0	31.0	11.0
1866	43.0	31.0	28.0	36.0	22.0	87.0	82.0	157.0	48.0	51.0	91.0	74.0
1867	39.0	34.0	20.0	44.0	48.0	57.0	101.0	37.0	59.0	84.0	59.0	54.0
1868	27.0	50.0	16.0	49.0	53.0	14.0	7.0	28.0	90.0	60.0	33.0	49.0
1869	14.0	61.0	26.0	25.0	65.0	42.0	42.0	37.0	55.0	87.0	58.0	43.0
1870	52.0	21.0	21.0	14.0	44.0	55.0	92.0	93.0	21.0	73.0	120.0	29.0
1871	23.0	19.0	16.0	47.0	77.0	97.0	115.0	33.0	61.0	21.0	33.0	37.0
1872	51.0	30.0	34.0	23.0	100.0	52.0	27.0	88.0	73.0	65.0	77.0	65.0
1873	85.0	13.0	27.0	36.0	39.0	76.0	43.0	86.0	65.0	155.0	43.0	52.0
1874	47.0	16.0	25.0	31.0	42.0	34.0	40.0	92.0	64.0	39.0	44.0	84.0
1875	27.0	25.0	17.0	27.0	39.0	32.0	48.0	29.0	42.0	15.0	43.0	22.0
1876	28.0	18.0	56.0	60.0	47.0	30.0	45.0	80.0	80.0	35.0	38.0	13.0
1877	59.0	52.0	56.0	11.0	67.0	40.0	66.0	148.0	109.0	74.0	89.0	49.0
1878	23.0	14.0	41.0	24.0	78.0	30.0	55.0	85.0	60.0	70.0	94.0	114.0
1879	42.0	46.0	24.0	35.0	40.0	30.0	141.0	75.0	35.0	85.0	52.0	9.0
1880	36.0	27.0	23.0	23.0	20.0	63.0	79.0	42.0	50.0	124.0	85.0	76.0
1881	19.0	35.0	21.0	33.0	41.0	27.0	66.0	100.0	52.0	51.0	56.0	37.0
1882	50.0	67.0	40.0	35.0	70.0	34.0	41.0	165.0	38.0	54.0	84.0	31.0
1883	39.0	29.0	23.0	23.0	97.0	26.0	192.0	127.0	87.0	68.0	107.0	43.0
1884	60.0	34.0	39.0	20.0	88.0	30.0	46.0	41.0	26.0	48.0	36.0	74.0
1885	35.0	64.0	26.0	29.0	86.0	32.0	61.0	56.0	143.0	104.0	36.0	66.0
1886	61.0	35.0	12.0	22.0	23.0	17.0	86.0	54.0	57.0	33.0	50.0	80.0
1887	40.0	18.0	24.0	22.0	48.0	18.0	24.0	65.0	51.0	65.0	30.0	93.0
1888	18.0	14.0	41.0	48.0	31.0	29.0	70.0	75.0	56.0	100.0	38.0	28.0
1889	44.0	56.0	45.0	15.0	20.0	26.0	78.0	120.0	66.0	36.0	44.0	53.0
1890	53.0	3.0	59.0	47.0	65.0	31.0	73.0	143.0	29.0	95.0	82.0	9.0
1891	68.0	43.0	53.0	16.0	68.0	24.0	26.0	64.0	111.0	50.0	87.0	36.0
1892	73.0	30.0	11.0	43.0	67.0	117.0	115.0	84.0	66.0	71.0	35.0	44.0
1893	42.0	53.0	35.0	6.0	47.0	45.0	48.0	63.0	141.0	64.0	69.0	22.0
1894	53.0	66.0	24.0	14.0	33.0	94.0	64.0	109.0	28.0	26.0	96.0	53.0
1895	78.0	22.0	35.0	29.0	18.0	34.0	111.0	66.0	93.0	115.0	90.0	37.0
1896	61.0	13.0	50.0	38.0	18.0	20.0	31.0	128.0	91.0	147.0	10.0	94.0
1897	41.0	45.0	52.0	35.0	34.0	34.0	63.0	73.0	88.0	40.0	42.0	74.0
1898	36.0	93.0	113.0	49.0	70.0	49.0	67.0	47.0	45.0	37.0	77.0	115.0
1899	58.0	76.0	49.0	41.0	46.0	69.0	25.0	15.0	115.0	45.0	69.0	63.0
1900	56.0	82.0	45.0	49.0	31.0	36.0	83.0	87.0	40.0	116.0	43.0	60.0
1901	46.0	51.0	29.0	43.0	2.0	39.0	32.0	48.0	18.0	49.0	58.0	73.0
1902	63.0	16.0	64.0	2.0	86.0	112.0	97.0	78.0	93.0	55.0	44.0	49.0
1903	60.0	42.0	34.0	79.0	56.0	49.0	85.0	108.0	80.0	114.0	86.0	19.0
1904	42.0	80.0	31.0	74.0	69.0	61.0	35.0	87.0	33.0	66.0	59.0	60.0
1905	63.0	27.0	52.0	37.0	19.0	11.0	73.0	137.0	52.0	123.0	56.0	18.0
1906	61.0	53.0	49.0	59.0	35.0	50.0	53.0	148.0	56.0	26.0	84.0	72.0
1907	51.0	36.0	36.0	33.0	59.0	91.0	57.0	100.0	79.0	31.0	33.0	14.0
1908	32.0	50.0	39.0	38.0	33.0	50.0	43.0	39.0	58.0	69.0	30.0	26.0
1909	39.0	16.0	65.0	47.0	39.0	32.0	75.0	66.0	45.0	67.0	106.0	84.0
1910	59.0	80.0	23.0	18.0	59.0	40.0	112.0	44.0	56.0	33.0	133.0	108.0
1911	42.0	79.0	17.0	39.0	37.0	7.0	40.0	83.0	65.0	74.0	100.0	48.0
1912	37.0	21.0	50.0	29.0	68.0	84.0	8.0	92.0	101.0	103.0	101.0	83.0
1913	13.0	43.0	71.0	36.0	25.0	38.0	36.0	69.0	19.0	30.0	87.0	59.0
1914	34.0	21.0	62.0	20.0	73.0	27.0	12.0	24.0	94.0	23.0	45.0	121.0
1915	56.0	31.0	32.0	41.0	58.0	43.0	76.0	40.0	116.0	49.0	95.0	87.0
1916	65.0	50.0	48.0	30.0	97.0	102.0	32.0	105.0	39.0	72.0	84.0	54.0
1917	45.0	41.0	22.0	50.0	10.0	42.0	8.0	10.0	95.0	89.0	91.0	65.0
1918	85.0	50.0	7.0	33.0	5.0	67.0	74.0	55.0	159.0	49.0	21.0	99.0
1919	53.0	26.0	60.0	49.0	9.0	73.0	38.0	74.0	44.0	67.0	73.0	61.0
1920	63.0	58.0	26.0	85.0	59.0	43.0	61.0	94.0	56.0	21.0	36.0	19.0
1921	117.0	37.0	43.0	35.0	34.0	80.0	61.0	52.0	54.0	85.0	31.0	79.0
1922	46.0	25.0	41.0	36.0	60.0	94.0	66.0	118.0	58.0	14.0	64.0	38.0
1923	62.0	18.0	14.0	20.0	55.0	62.0	36.0	122.0	96.0	120.0	134.0	61.0
1924	58.0	50.0	56.0	35.0	66.0	69.0	28.0	100.0	106.0	85.0	36.0	42.0
1925	44.0	24.0	32.0	43.0	29.0	84.0	87.0	128.0	118.0	65.0	71.0	79.0
1926	46.0	41.0	43.0	30.0	93.0	32.0	26.0	73.0	31.0	78.0	38.0	30.0
1927	58.0	36.0	52.0	63.0	100.0	44.0	25.0	99.0	78.0	127.0	72.0	37.0
1928	40.0	57.0	14.0	37.0	106.0	74.0	51.0	112.0	65.0	94.0	81.0	54.0
1929	47.0	7.0	16.0	53.0	36.0	42.0	70.0	77.0	85.0	108.0	78.0	85.0
1930	47.0	21.0	34.0	39.0	59.0	25.0	84.0	76.0	36.0	63.0	126.0	34.0
1931	79.0	50.0	43.0	20.0	50.0	50.0	53.0	49.0	95.0	63.0	22.0	128.0
1932	57.0	27.0	33.0	82.0	78.0	31.0	47.0	72.0	67.0	72.0	85.0	35.0
1933	42.0	44.0	36.0	56.0	17.0	8.0	61.0	70.0	24.0	59.0	22.0	51.0
1934	33.0	23.0	44.0	42.0	30.0	16.0	64.0	44.0	68.0	163.0	77.0	26.0
1935	40.0	54.0	44.0	78.0	11.0	57.0	77.0	132.0	105.0	125.0	26.0	85.0
1936	77.0	44.0	40.0	36.0	86.0	28.0	71.0	38.0	61.0	89.0	43.0	29.0
1937	44.0	52.0	72.0	25.0	30.0	36.0	58.0	53.0	90.0	19.0	82.0	64.0
1938	58.0	15.0	23.0	39.0	34.0	39.0	29.0	25.0	33.0	155.0	53.0	36.0
1939	48.0	27.0	18.0	32.0	24.0	8.0	77.0	26.0	40.0	17.0	55.0	27.0
1940	33.0	19.0	29.0	24.0	21.0	50.0	29.0	52.0	104.0	40.0	151.0	39.0
1941	12.0	64.0	66.0	8.0	17.0	14.0	12.0	104.0	48.0	39.0	37.0	74.0
1942	49.0	32.0	17.0	22.0	23.0	27.0	75.0	33.0	90.0	56.0	33.0	94.0
1943	48.0	55.0	30.0	38.0	42.0	74.0	92.0	140.0	60.0	80.0	121.0	40.0
1944	72.0	19.0	45.0	52.0	82.0	119.0	59.0	50.0	105.0	75.0	146.0	116.0
1945	85.0	64.0	41.0	43.0	28.0	54.0	98.0	75.0	31.0	85.0	47.0	56.0
1946	30.0	54.0	34.0	39.0	63.0	64.0	34.0	59.0	114.0	19.0	47.0	19.0
1947	35.0	22.0	48.0	60.0	35.0	36.0	95.0	28.0	20.0	31.0	50.0	84.0
1948	79.0	9.0	21.0	37.0	42.0	42.0	24.0	87.0	66.0	67.0	59.0	38.0
1949	76.0	35.0	27.0	36.0	29.0	100.0	49.0	85.0	6.0	65.0	30.0	99.0
1950	18.0	74.0	38.0	81.0	28.0	22.0	48.0	32.0	104.0	98.0	112.0	78.0
1951	68.0	58.0	73.0	52.0	9.0	57.0	40.0	24.0	47.0	11.0	52.0	66.0
1952	62.0	44.0	28.0	45.0	39.0	51.0	45.0	96.0	111.0	180.0	68.0	78.0
1953	33.0	56.0	28.0	18.0	50.0	91.0	121.0	65.0	107.0	26.0	43.0	19.0
1954	50.0	16.0	41.0	27.0	3.0	42.0	78.0	104.0	107.0	53.0	81.0	118.0
1955	85.0	46.0	22.0	40.0	60.0	31.0	16.0	8.0	59.0	90.0	63.0	63.0
1956	76.0	53.0	8.0	70.0	20.0	39.0	104.0	171.0	17.0	54.0	64.0	35.0
1957	47.0	110.0	49.0	43.0	42.0	54.0	77.0	79.0	105.0	84.0	29.0	66.0
1958	53.0	33.0	37.0	25.0	85.0	50.0	72.0	47.0	25.0	38.0	46.0	59.0
1959	108.0	25.0	21.0	43.0	29.0	35.0	55.0	38.0	5.0	48.0	50.0	65.0
1960	60.9	40.9	14.2	36.7	14.4	73.6	109.8	100.2	72.6	24.2	124.7	75.2
1961	54.6	21.6	51.0	28.4	31.7	54.8	64.5	83.7	29.5	35.5	53.9	
1962	65.5	59.8	28.2	62.6	40.1	55.8	53.3	78.4	126.6	49.4	88.5	50.2
1963	32.2	11.0	18.0	14.4	17.4	26.5	31.0	85.6	66.9	138.2	75.1	13.3
1964	28.5	27.1	2.4	25.8	26.9	16.5	35.7	57.5	42.2	62.1	66.3	73.2
1965	53.0	16.5	26.2	14.2	13.5	51.3	60.8	82.9	93.3	37.0	56.8	99.4
1966	27.8	24.7	40.4	46.3	16.7	25.9	53.8	42.7	59.0	59.3	66.4	93.6
1967	25.6	45.8	49.9	36.8	51.7	18.3	25.4	138.6	63.8	142.4	51.5	49.9
1968	37.3	35.4	28.8	35.4	77.0	49.2	59.1	55.1	55.1	90.2	36.7	23.8
1969	38.4	39.8	8.4	46.3	40.1	10.8	66.9	29.3	84.9	29.7	96.4	28.3
1970	30.0	24.6	61.2	83.2	25.8	3.5	111.0	28.8	103.2	89.0	73.6	76.3
1971	43.2	52.7	44.0	14.7	8.0	22.3	21.1	81.2	58.2	54.9	37.0	44.9
1972	14.9	33.4	24.1	63.8	36.0	48.8	79.5	173.5	35.8	31.1	71.1	42.1
1973	18.6	35.0	44.2	59.7	34.3	22.3	24.1	33.0	117.4	75.6	34.0	50.5
1974	64.5	57.2	23.8	14.9	33.7	47.6	52.2	48.6	145.1	183.0	94.2	114.7
1975	52.9	20.4	30.6	60.6	27.9	14.8	12.8	52.4	49.2	24.6	31.8	57.1
1976	34.8	21.7	49.3	22.6	34.1	39.7	49.5	51.6	44.4	31.7	49.3	61.5
1977	45.1	49.8	28.7	112.8	19.1	48.3	106.2	42.8	86.0	90.2	107.4	48.8
1978	22.8	10.9	62.0	33.2	3.9	43.6	96.8	144.9	105.3	20.7	52.1	9.1
1979	67.5	21.7	37.3	27.4	22.5	41.4	95.6	49.3	87.9	24.2	107.7	40.7
1980	20.8	10.2	22.1	31.3	64.6	28.3	31.1	80.3	54.3	127.1	99.9	88.7
1981	45.2	26.2	64.1	9.1	33.4	135.5	70.3	107.6	38.5	132.0	85.8	111.8
1982	44.1	10.5	29.9	70.3	21.5	61.6	47.5	95.3	31.2	38.8	102.2	74.9
1983	70.0	12.9	39.6	22.0	43.2	55.7	21.7	51.3	90.2	88.3	41.7	65.8
1984	84.1	37.7	39.5	15.4	34.9	73.5	114.2	26.1	97.4	127.3	42.0	52.3
1985	25.9	23.8	48.3	49.6	58.1	59.8	72.7	82.2	67.8	34.1	70.2	85.7
1986	60.9	5.9	28.4	43.3	36.1	28.8	82.0	159.9	65.4	82.2	89.7	67.9
1987	17.4	32.6	18.1	3.9	48.1	88.5	33.6	84.2	117.7	38.6	90.9	27.9
1988	44.6	57.5	44.7	23.5	6.6	41.3	81.1	98.7	87.4	97.6	10.3	68.9
1989	32.6	71.6	57.6	47.0	31.9	25.0	68.9	92.2	30.3	45.5	73.7	67.7
1990	84.8	100.9	42.0	14.3	35.7	19.7	109.3	41.7	89.7	81.7	65.7	36.9
1991	77.4	18.1	38.5	15.8	40.9	65.0	22.6	85.1	60.4	54.0	87.5	25.9
1992	52.4	42.4	56.2	50.6	15.9	16.9	31.0	128.4	52.1	115.9	75.6	32.5
1993	50.6	29.0	33.9	18.9	4.6	38.8	135.9	114.6	16.3	47.5	7.1	75.7
1994	53.7	0.9	68.8	64.1	48.8	56.7	1.8	67.4	129.0	60.7	28.6	78.7
1995	42.7	64.8	47.4	21.9	65.7	30.7	27.7	51.3	67.1	49.0	66.6	13.9
1996	4.7	25.2	25.4	34.6	67.9	58.2	123.7	1.2	29.3	63.3	160.0	38.7
1997	44.4	45.4	16.1	26.6	17.3	44.0	12.2	25.0	50.6	60.9	63.2	35.4
1998	56.0	33.6	22.4	25.3	38.2	102.1	94.0	122.5	34.2	118.2	46.5	55.1
1999	78.9	80.5	24.2	50.2	7.1	23.9	59.4	59.6	20.7	100.0	31.0	87.9
2000	40.7	41.1	29.5	42.0	33.2	76.0	74.4	79.5	16.6	89.5	113.7	70.2
2001	53.5	43.6	34.2	79.4	14.8	86.6	58.8	86.2	81.1	62.7	78.0	29.8
2002	64.1	48.5	36.5	7.1	18.0	67.8	39.0	5.5	5.3	32.5	63.0	11.4
2003	45.8	11.8	8.7	30.6	68.9	47.2	22.6	111.0	25.6	62.2	59.7	79.5
2004	45.6	41.9	48.3	5.7	32.7	81.5	176.7	83.6	87.4	62.6	90.8	71.8
2005	90.8	17.5	7.2	9.8	66.9	72.0	49.7	180.2	19.7	34.9	72.6	26.3
2006	19.8	22.7	43.9	37.7	41.6	20.0	3.4	11.8	22.1	183.6	61.3	54.9
2007	89.3	15.5	38.0	33.9	68.3	42.2	55.5	95.2	87.1	48.4	63.9	85.7
2008	68.0	56.1	55.5	45.2	8.6	85.3	15.6	93.9	70.8	134.5	91.0	61.5
2009	33.4	19.5	33.8	6.5	44.8	74.9	130.7	48.7	39.8	89.8	85.5	51.4
2010	30.4	45.4	53.8	42.4	58.5	32.6	49.4	96.5	49.7	28.8	89.1	87.0
2011	69.9	24.0	15.3	29.0	26.5	48.8	55.8	172.5	87.9	68.5	26.6	120.8
2012	90.2	61.0	36.1	55.2	65.3	87.5	53.6	39.3	159.9	93.2	80.0	85.2
2013	30.0	44.6	16.1	32.0	33.1	32.1	34.5	143.3	17.0	71.2	84.1	47.8
2014	45.9	24.4	29.7	9.3	64.2	72.2	12.8	121.1	54.2	41.7	50.8	68.3
2015	65.1	25.2	46.8	54.8	39.8	88.7	74.8	52.7	61.3	17.0	69.7	48.3
2016	51.8	75.6	13.6	72.3	7.9	140.4	62.4	67.7	58.0	24.8	68.0	14.1
2017	21.5	27.3	33.6	36.6	14.1	80.5	34.5	88.9	67.7	179.0	98.3	114.8
2018	43.1	33.2	24.7	41.6	8.2	40.3	44.2	51.5	67.5	39.8	25.1	43.0
2019	72.0	49.6	44.6	6.2	61.9	15.6	72.2	82.2	76.5	101.8	81.6	76.4
2020	53.0	80.3	49.3	39.0	53.4	74.5	83.2	76.7	55.2	64.2	59.3